12 (number of trees) 25 (number of maximum species by tree)
0	0.409	0.5	0.545	0.409	0.5	0.5	0.591	0.45	0.636	0.455	0.591
0.409	0	0.455	0.409	0.318	0.455	0.455	0.5	0.35	0.636	0.409	0.5
0.5	0.455	0	0.364	0.364	0.5	0.5	0.545	0.45	0.727	0.364	0.409
0.545	0.409	0.364	0	0.409	0.591	0.364	0.455	0.5	0.682	0.364	0.455
0.409	0.318	0.364	0.409	0	0.455	0.455	0.545	0.2	0.636	0.364	0.455
0.5	0.455	0.5	0.591	0.455	0	0.5	0.636	0.45	0.682	0.455	0.591
0.5	0.455	0.5	0.364	0.455	0.5	0	0.545	0.45	0.636	0.591	0.591
0.591	0.5	0.545	0.455	0.545	0.636	0.545	0	0.45	0.773	0.636	0.682
0.45	0.35	0.45	0.5	0.2	0.45	0.45	0.45	0	0.65	0.45	0.5
0.636	0.636	0.727	0.682	0.636	0.682	0.636	0.773	0.65	0	0.727	0.773
0.455	0.409	0.364	0.364	0.364	0.455	0.591	0.636	0.45	0.727	0	0.273
0.591	0.5	0.409	0.455	0.455	0.591	0.591	0.682	0.5	0.773	0.273	0
