12 (number of trees) 25 (number of maximum species by tree)
0	0.381	0.333	0.476	0.61	0.476	0.421	0.444	0.389	0.571	0.571	0.476	
0.381	0	0.381	0.619	0.504	0.381	0.421	0.444	0.444	0.429	0.524	0.429	
0.333	0.381	0	0.619	0.557	0.381	0.368	0.5	0.444	0.5	0.429	0.381	
0.476	0.619	0.619	0	0.768	0.682	0.684	0.611	0.5	0.714	0.762	0.714	
0.61	0.504	0.557	0.768	0	0.662	0.503	0.47	0.595	0.701	0.61	0.557	
0.476	0.381	0.381	0.682	0.662	0	0.316	0.5	0.5	0.571	0.476	0.381	
0.421	0.421	0.368	0.684	0.503	0.316	0	0.459	0.401	0.701	0.474	0.368	
0.444	0.444	0.5	0.611	0.47	0.5	0.459	0	0.5	0.52	0.611	0.556	
0.389	0.444	0.444	0.5	0.595	0.5	0.401	0.5	0	0.674	0.611	0.5	
0.571	0.429	0.5	0.714	0.701	0.571	0.701	0.52	0.674	0	0.5	0.5	
0.571	0.524	0.429	0.762	0.61	0.476	0.474	0.611	0.611	0.5	0	0.333	
0.476	0.429	0.381	0.714	0.557	0.381	0.368	0.556	0.5	0.5	0.333	0
