12 (number of trees) 25 (number of maximum species by tree)
0.0000	0.1591	0.2045	0.2727	0.1818	0.2045	0.2045	0.3409	0.1136	0.3409	0.2955	0.2727
0.1591	0.0000	0.2727	0.3409	0.2500	0.2273	0.2727	0.4091	0.1818	0.4091	0.3182	0.3409
0.2045	0.2727	0.0000	0.2045	0.2045	0.3182	0.3182	0.3182	0.1818	0.4545	0.2727	0.2500
0.2727	0.3409	0.2045	0.0000	0.3182	0.3864	0.2955	0.3864	0.2955	0.5227	0.2955	0.3636
0.1818	0.2500	0.2045	0.3182	0.0000	0.2955	0.3409	0.4318	0.1591	0.4773	0.2500	0.3182
0.2045	0.2273	0.3182	0.3864	0.2955	0.0000	0.3182	0.4091	0.2045	0.3182	0.3182	0.3409
0.2045	0.2727	0.3182	0.2955	0.3409	0.3182	0.0000	0.4091	0.2273	0.4091	0.4545	0.3864
0.3409	0.4091	0.3182	0.3864	0.4318	0.4091	0.4091	0.0000	0.2273	0.5000	0.5000	0.4773
0.1136	0.1818	0.1818	0.2955	0.1591	0.2045	0.2273	0.2273	0.0000	0.2955	0.2727	0.2500
0.3409	0.4091	0.4545	0.5227	0.4773	0.3182	0.4091	0.5000	0.2955	0.0000	0.5455	0.5227
0.2955	0.3182	0.2727	0.2955	0.2500	0.3182	0.4545	0.5000	0.2727	0.5455	0.0000	0.2500
0.2727	0.3409	0.2500	0.3636	0.3182	0.3409	0.3864	0.4773	0.2500	0.5227	0.2500	0.0000
